3.589105896896279020e-03
2.460216781863719480e-03
5.925878877155869081e-04
5.017699947076236476e-03
1.122281488551698896e-02
5.853137513240868868e-04
5.740294303765257691e-03
6.940528766895603073e-03
3.651715096137825994e-02
2.377760224094510946e-02
1.074707176497843863e-02
1.182179274526233993e-03
2.705226204179147359e-02
1.318045017168924249e-02
8.339176518825016163e-03
3.868037381210269465e-02
2.698647709793703178e-02
1.842735016021796596e-02
2.064970726721465991e-02
7.908605642636651334e-03
1.019334651206058387e-02
7.334273931260373164e-03
3.315369559889921880e-02
1.347700623370923223e-02
7.586934515012118928e-03
5.545768316856093672e-02
1.137510135222634562e-02
1.454875561109150554e-02
2.657335700967076303e-02
2.262768636385998483e-02
1.924860163123548115e-02
1.664284607212032988e-02
1.342759338402859564e-03
3.498757256307334640e-03
2.985659821190860420e-03
6.919745123886983720e-03
2.336328026321345206e-03
3.758939675287917802e-03
1.553317388497219877e-02
1.346137808055371601e-02
6.597830126761717283e-03
2.048824105045874561e-02
6.220452246761702664e-03
2.269816604440068677e-02
2.100416734425532977e-02
1.996583120213310525e-02
6.265387672663920958e-03
6.177559442005823437e-03
2.081875776359242217e-02
3.055597440549100412e-03
7.406822309416687990e-03
1.685579710218216079e-02
6.763749696887827283e-03
1.885107431262746450e-03
9.707980313105119691e-03
1.018793420629930495e-02
2.094637827972369373e-03
9.879416933528345577e-04
4.754684401659508945e-03
9.238611825081795292e-03
2.994691479142390323e-04
1.078355488767244498e-02
8.509315429517850041e-03
1.170198869092347986e-02
1.060008582219193300e-02
6.886043037934395754e-03
3.419180988576546541e-03
2.041126302831634820e-02
1.150250507352322711e-03
1.036423366853876475e-02
1.229955512293246130e-02
2.718386757171729548e-03
3.005715692245017768e-03
5.800382447216688789e-03
2.937542306982425392e-04
9.170481487147877234e-04
7.655568220569227561e-03
4.178571229638101785e-03
1.737941636481002070e-02
3.400539857400580821e-03
5.454398163863421155e-03
9.729708751194951835e-03
2.833873973164318435e-03
1.575726643698176742e-03
1.763156782504911931e-04
4.973969271524419445e-04
2.234562819703410884e-03
5.554981159794394581e-04
9.608759970829402683e-03
4.978981651955708548e-03
7.016837908635168569e-03
8.994123208689882784e-03
1.891545230958397491e-03
5.741897328141842838e-03
5.082306569796928367e-03
6.646025151575165463e-03
1.578966546488067479e-03
2.045057303191980501e-03
9.744745877946183604e-03
3.813077814239123936e-04
2.205350990031117273e-04
9.404861518637713759e-04
2.689875710534569107e-03
2.513964661700584125e-03
1.315345998443697611e-03
2.856846810582551292e-03
9.233116216803130332e-05
